5.609 0.000 0.000 0.000 3.010 0.339 0.882 2.404 2.091 2.227 3.852 3.761 2.529 1.581 1.529 1.458 1.531 1.229 1.051 1.125 1.047 1.214 1.303 1.214 1.171 0.978 0.859 0.934 1.207 1.253 1.295 1.425 1.491 1.401 1.335 1.182 1.282 1.568 1.587 1.662 1.859 1.871 1.542 1.160 1.205 1.316 1.217 1.125 1.094 1.280 1.427 1.311 1.286 0.000 2.139 0.000
9.459 0.539 10.485 0.000 2.837 2.425 4.535 4.418 3.443 2.616 5.827 0.751 1.706 0.000 0.000 0.000 0.000 0.000 0.000 0.000 0.000 0.000 0.000 0.000 0.000 0.000 0.000 0.000 0.000 0.000 0.000 0.000 0.000 0.000 0.000 0.000 0.000 0.000 0.000 0.000 0.000 0.000 0.000 0.000 0.000 0.000 0.000 0.000 0.000 0.000 0.000 0.000 0.000 0.000 0.000 0.000
8.021 0.000 7.805 0.000 4.090 1.694 2.308 4.143 2.563 4.616 5.238 1.735 0.000 0.000 0.000 0.000 0.000 0.000 0.000 0.000 0.000 0.000 0.000 0.000 0.000 0.000 0.000 0.000 0.000 0.000 0.000 0.000 0.000 0.000 0.000 0.000 0.000 0.000 0.000 0.000 0.000 0.000 0.000 0.000 0.000 0.000 0.000 0.000 0.000 0.000 0.000 0.000 0.000 0.000 0.000 0.000
11.724 0.000 0.000 0.000 0.441 2.213 3.238 3.773 2.437 0.642 0.911 0.000 0.000 0.000 0.000 0.000 0.000 0.000 0.000 0.000 0.000 0.000 0.000 0.000 0.000 0.000 0.000 0.000 0.000 0.000 0.000 0.000 0.000 0.000 0.000 0.000 0.000 0.000 0.000 0.000 0.000 0.000 0.000 0.000 0.000 0.000 0.000 0.000 0.000 0.000 0.000 0.000 0.000 0.000 0.000 0.000
21.572 1.350 6.109 0.000 7.506 5.532 4.919 5.715 2.219 1.419 3.172 0.000 0.000 0.000 0.000 0.000 0.000 0.000 0.000 0.000 0.000 0.000 0.000 0.000 0.000 0.000 0.000 0.000 0.000 0.000 0.000 0.000 0.000 0.000 0.000 0.000 0.000 0.000 0.000 0.000 0.000 0.000 0.000 0.000 0.000 0.000 0.000 0.000 0.000 0.000 0.000 0.000 0.000 0.000 0.000 0.000
24.646 3.652 32.619 32.543 10.185 7.820 8.599 6.174 2.494 1.349 3.310 0.000 0.000 0.000 0.000 0.000 0.000 0.000 0.000 0.000 0.000 0.000 0.000 0.000 0.000 0.000 0.000 0.000 0.000 0.000 0.000 0.000 0.000 0.000 0.000 0.000 0.000 0.000 0.000 0.000 0.000 0.000 0.000 0.000 0.000 0.000 0.000 0.000 0.000 0.000 0.000 0.000 0.000 0.000 0.000 0.000
97.410 76.683 106.501 117.851 0.474 5.422 6.166 5.550 1.540 1.295 3.896 0.760 0.000 0.000 0.000 0.000 0.000 0.000 0.000 0.000 0.000 0.000 0.000 0.000 0.000 0.000 0.000 0.000 0.000 0.000 0.000 0.000 0.000 0.000 0.000 0.000 0.000 0.000 0.000 0.000 0.000 0.000 0.000 0.000 0.000 0.000 0.000 0.000 0.000 0.000 0.000 0.000 0.000 0.000 0.000 0.000
11.307 0.000 0.000 0.000 0.000 1.899 0.782 3.274 4.000 1.747 3.833 1.072 0.000 0.000 0.000 0.000 0.000 0.000 0.000 0.000 0.000 0.000 0.000 0.000 0.000 0.000 0.000 0.000 0.000 0.000 0.000 0.000 0.000 0.000 0.000 0.000 0.000 0.000 0.000 0.000 0.000 0.000 0.000 0.000 0.000 0.000 0.000 0.000 0.000 0.000 0.000 0.000 0.000 0.000 0.000 0.000
12.089 0.000 0.000 0.762 0.000 2.743 2.428 2.786 1.213 1.381 1.751 0.163 0.000 0.000 0.000 0.000 0.000 0.000 0.000 0.000 0.000 35.235 32.713 0.538 0.000 0.000 0.000 0.000 0.000 0.000 0.000 0.000 0.000 0.000 0.000 0.000 0.000 0.000 0.000 0.000 0.000 0.000 0.000 0.000 0.000 0.000 0.000 0.000 0.000 0.000 0.000 0.000 0.000 0.000 0.000 0.000
9.001 0.197 0.000 0.000 0.000 4.914 2.617 2.286 2.039 1.807 1.964 0.135 0.000 0.000 0.000 0.000 0.000 0.000 0.000 0.000 0.000 27.960 26.721 0.000 0.000 0.000 0.000 1.807 3.731 0.000 0.000 0.000 0.000 0.000 0.000 0.000 0.000 0.000 0.000 0.000 0.000 0.000 0.000 0.000 0.000 0.000 0.000 0.000 0.000 0.000 0.000 0.000 0.000 0.000 0.000 0.000
6.817 0.000 0.000 0.000 0.000 3.657 3.076 2.453 1.804 3.432 3.638 1.019 0.000 0.000 0.000 0.000 0.000 0.000 0.000 0.000 0.000 0.000 0.000 0.000 0.000 0.000 0.000 0.000 0.000 0.000 0.000 0.000 0.000 0.394 0.000 0.000 0.000 0.000 0.000 0.000 0.000 0.000 0.000 0.000 0.000 0.000 0.000 0.000 0.000 0.000 0.000 0.000 0.000 0.000 0.000 0.000
9.651 0.000 0.000 0.000 0.000 0.457 5.460 2.891 1.905 1.148 2.552 3.076 0.123 0.000 2.028 6.575 5.158 0.000 0.000 0.000 0.000 0.000 0.000 0.000 0.000 0.000 0.000 0.000 0.000 0.000 0.000 0.000 0.000 0.920 0.000 0.000 0.000 0.000 0.000 0.000 0.000 0.000 0.000 0.000 0.000 0.000 0.000 0.000 0.000 0.000 0.000 0.000 0.000 0.000 0.000 0.000
18.487 6.435 0.000 0.000 0.000 0.955 3.371 3.990 2.847 0.383 2.592 3.509 1.612 5.513 7.530 8.803 1.915 0.000 0.000 0.000 0.000 0.000 0.000 0.000 0.000 0.000 0.000 0.000 0.000 0.000 0.000 0.000 0.000 0.000 0.000 0.000 0.000 0.000 0.000 0.000 0.000 0.000 0.000 0.000 0.000 0.000 0.000 0.000 0.000 0.000 0.000 0.000 0.000 0.000 0.000 0.000
17.078 8.116 0.000 8.095 29.575 0.359 0.000 7.439 9.042 7.341 9.307 16.628 10.535 2.077 3.424 0.000 0.000 0.000 0.000 0.000 0.000 0.000 0.000 0.000 0.000 0.000 0.000 0.000 0.000 0.000 0.000 0.000 0.000 0.000 0.000 0.000 0.000 0.000 0.000 0.000 0.000 0.000 0.000 0.000 0.000 0.000 0.000 0.000 0.000 0.000 0.000 0.000 0.000 0.000 0.000 0.000
8.145 2.638 0.000 0.000 20.822 1.839 0.000 41.328 44.402 32.722 37.552 48.971 33.220 33.077 2.825 0.000 0.000 0.000 0.000 0.000 0.000 0.000 0.000 0.000 0.000 0.000 0.000 0.000 0.000 0.000 0.000 0.000 0.000 0.000 0.000 0.000 0.000 0.000 0.000 0.000 0.000 0.000 0.000 0.000 0.000 0.000 0.000 0.000 0.000 0.000 0.000 0.000 0.000 0.000 0.000 0.000
9.272 1.077 0.334 0.000 35.914 17.021 0.000 27.238 71.395 62.053 36.532 39.998 33.731 62.753 46.626 0.000 0.000 0.000 0.000 0.000 11.030 12.897 3.518 3.927 1.507 1.933 0.000 0.000 0.000 0.000 0.000 0.000 0.000 0.000 0.000 0.000 0.000 0.000 0.000 0.000 0.000 0.000 0.000 0.000 0.000 0.000 0.000 0.000 0.000 0.000 0.000 0.000 0.000 0.000 0.000 0.000
12.077 1.977 0.000 0.000 22.239 0.000 3.960 1.653 67.301 48.454 36.962 11.999 38.090 38.150 12.453 0.000 0.000 0.000 4.456 67.564 71.217 23.882 32.387 34.334 8.070 14.402 9.035 11.628 36.996 11.985 17.152 0.000 0.000 0.000 2.026 7.619 28.290 0.000 0.000 0.000 0.000 0.000 0.000 0.000 0.000 0.000 0.000 0.000 0.000 0.000 0.000 0.000 0.000 0.000 0.000 0.000
16.905 14.285 5.633 0.000 4.468 0.000 7.490 9.587 2.352 83.638 79.639 55.653 32.770 41.480 26.814 0.000 0.000 0.000 9.903 66.547 59.308 76.685 109.562 106.926 87.476 68.424 37.036 8.856 42.620 9.914 0.230 1.157 0.000 4.471 12.774 19.753 20.662 12.790 0.000 0.000 0.000 0.000 0.000 0.000 0.000 0.000 0.000 0.000 0.000 0.000 0.000 0.000 0.000 0.000 0.000 0.000
18.147 14.948 6.174 0.000 0.000 0.000 0.945 7.421 2.618 5.091 59.598 77.556 65.971 28.660 25.788 5.308 0.000 0.000 22.347 24.080 31.621 8.121 0.000 0.000 0.000 0.000 6.920 6.386 8.321 13.377 25.575 22.332 7.369 26.359 33.647 39.859 17.477 11.235 2.774 0.000 0.000 0.000 0.000 0.000 0.000 0.000 0.000 0.000 0.000 0.000 0.000 0.000 0.000 0.000 0.000 0.000
11.450 5.460 0.000 0.000 19.899 26.344 0.470 4.730 11.513 16.842 23.618 23.735 21.305 88.245 86.891 38.150 74.058 129.021 130.678 65.124 100.533 61.766 36.116 14.852 65.343 22.139 37.683 57.348 98.633 76.694 53.864 59.150 10.784 26.560 42.656 10.405 9.836 5.491 11.503 1.499 0.000 0.000 0.000 0.000 0.000 0.000 0.000 0.000 0.000 0.000 0.000 0.000 0.000 0.000 0.000 0.000
6.951 0.268 0.000 0.000 0.000 5.090 5.242 4.152 7.322 8.745 17.690 14.210 7.711 0.000 2.125 46.493 77.436 130.487 126.214 67.036 68.502 45.504 63.006 46.792 20.559 14.470 47.063 76.320 87.025 76.338 70.132 76.875 39.979 52.868 47.524 13.266 0.000 0.000 8.702 26.708 0.078 0.000 0.000 0.000 0.000 0.000 0.000 0.000 0.000 0.000 0.000 0.000 0.000 0.000 0.000 0.000
8.660 6.666 17.875 22.679 18.325 12.253 4.116 5.330 5.553 4.143 18.438 10.472 0.533 0.000 0.000 23.545 40.800 10.964 0.000 10.503 17.863 58.584 12.832 0.000 0.000 0.000 0.053 15.566 30.972 23.875 37.559 22.339 34.431 30.120 26.287 6.372 0.000 0.000 0.000 29.198 19.507 16.156 15.713 0.000 0.000 0.000 0.000 0.000 0.000 0.000 0.000 0.000 0.000 0.000 0.000 0.000
12.173 1.128 0.000 15.706 16.228 1.822 2.581 6.503 5.021 7.420 19.209 19.710 15.234 0.000 0.000 0.000 0.000 0.000 0.000 0.000 9.886 67.718 11.816 0.000 0.000 0.000 1.818 28.670 26.252 15.426 28.743 17.628 0.207 0.000 0.000 0.000 0.000 0.000 22.153 20.976 21.645 22.581 18.135 12.273 21.963 3.018 3.237 0.215 0.000 0.000 0.000 0.000 0.000 0.000 0.000 0.000
6.896 7.272 6.191 24.869 24.697 6.283 5.629 10.952 12.481 15.849 65.393 55.693 16.932 0.000 57.231 63.605 0.000 0.000 0.000 0.000 0.000 4.285 0.806 0.000 0.000 3.821 4.960 7.224 3.885 0.000 0.892 0.982 0.000 0.000 0.000 0.000 0.000 5.771 15.607 17.676 17.814 13.775 12.521 7.065 23.738 19.749 20.814 22.182 2.679 0.000 0.000 0.000 0.000 0.590 0.562 0.000
7.296 7.610 7.204 14.980 19.940 20.960 16.300 15.115 27.738 40.505 42.433 33.101 48.797 19.761 54.127 60.589 61.203 2.580 5.385 0.000 0.000 0.000 0.000 0.000 7.411 27.881 5.098 1.548 0.000 0.000 0.000 0.000 0.000 0.000 0.000 21.722 29.931 4.787 4.894 5.305 0.543 2.890 5.415 4.935 2.018 0.000 23.823 22.301 22.056 18.798 0.000 0.000 0.000 1.493 3.328 1.162
5.594 1.232 0.000 12.249 20.780 24.264 17.276 13.525 19.584 11.591 84.432 87.065 25.525 5.688 21.731 39.452 46.652 0.000 9.900 0.000 2.285 1.666 0.640 0.000 0.000 3.682 1.678 2.756 3.465 3.361 5.169 25.008 0.000 0.000 11.546 28.957 19.916 7.547 5.386 3.089 4.981 4.382 1.074 1.946 3.697 4.925 8.037 7.473 9.492 23.326 10.106 3.890 2.005 1.163 3.943 2.618
6.931 2.096 0.000 0.000 2.226 7.035 17.979 12.687 9.443 0.375 75.969 80.388 20.598 39.536 63.399 57.054 15.443 69.291 13.552 28.885 68.242 67.033 0.380 1.365 34.491 73.896 68.100 37.381 2.175 19.277 30.952 39.766 46.180 30.991 21.787 44.237 24.792 2.778 6.599 3.171 3.154 2.510 0.680 4.562 1.069 7.266 9.245 10.653 10.620 7.605 2.075 4.272 4.041 3.083 5.330 4.225
9.505 5.239 1.409 1.812 7.460 12.599 14.317 24.885 17.253 7.491 22.425 21.025 70.965 70.014 94.982 60.114 46.648 109.528 9.967 19.153 43.314 51.144 31.724 7.932 72.408 77.712 50.977 41.645 12.506 19.570 39.037 38.109 8.400 45.701 38.633 35.710 10.719 6.452 6.910 1.469 1.559 1.683 0.053 4.433 2.582 0.977 2.309 4.382 3.616 4.197 5.111 5.164 4.851 2.382 2.932 2.794
10.819 7.768 5.164 5.147 7.973 9.308 9.676 3.634 14.229 11.317 26.433 27.243 38.246 37.420 95.980 29.224 39.818 101.260 60.204 45.191 102.209 80.501 39.258 46.636 70.432 86.779 55.659 44.410 5.227 14.582 38.016 46.355 23.265 28.111 37.805 29.071 27.328 8.220 5.015 4.235 1.425 0.417 1.134 1.255 4.394 4.457 2.638 3.751 2.632 2.463 1.546 1.957 3.284 3.194 3.743 3.593
8.386 5.992 2.094 1.583 2.009 0.730 7.623 3.630 1.509 22.401 34.296 73.566 73.239 61.975 37.383 0.000 0.000 78.469 78.320 72.527 91.516 51.531 40.849 43.735 0.000 56.062 53.800 42.049 18.081 14.575 39.260 0.000 10.683 0.000 34.222 62.301 31.213 11.513 12.731 9.073 29.076 21.011 24.086 6.880 3.439 4.674 2.535 1.826 2.547 1.491 1.243 2.477 2.527 1.749 3.548 3.142
7.715 5.855 1.918 0.525 0.724 0.000 2.616 0.000 0.000 19.980 39.925 164.814 117.610 116.043 87.785 12.120 0.000 0.874 23.034 0.000 0.000 0.000 0.000 0.000 1.607 15.263 33.709 48.643 30.509 0.000 24.293 0.000 0.000 0.000 32.674 43.012 48.649 61.036 39.658 24.739 30.616 19.090 16.310 4.009 7.150 6.737 2.191 1.961 2.415 1.157 1.050 1.264 2.864 2.034 4.320 3.514
9.053 4.872 0.065 0.087 2.028 4.042 7.140 6.775 33.886 59.002 103.438 164.560 136.955 130.620 86.057 23.994 0.000 32.929 74.485 33.294 49.089 58.532 42.018 33.412 27.878 16.321 70.622 60.810 35.318 22.114 8.820 0.000 0.000 13.847 22.714 39.635 46.645 50.125 17.904 29.930 32.582 10.741 6.162 6.718 13.549 9.065 2.065 0.000 2.188 4.028 2.050 1.141 2.571 1.763 2.673 3.916
9.111 5.267 0.000 0.452 2.369 7.781 14.641 22.985 62.520 67.275 68.998 77.048 112.679 86.363 83.507 14.075 31.086 22.945 68.983 95.078 96.094 58.236 70.652 70.247 18.240 45.476 51.740 46.368 53.037 16.265 21.125 20.168 26.269 33.689 30.048 34.104 38.266 54.910 28.398 51.217 15.448 15.844 12.703 7.564 16.006 8.013 1.953 1.561 6.350 5.057 1.888 0.370 0.748 0.785 2.628 2.736
7.600 5.575 2.229 2.053 3.578 6.002 19.198 31.362 59.207 54.222 59.855 67.396 69.159 35.473 35.332 25.149 53.172 46.782 8.263 0.000 0.000 45.851 63.036 88.290 27.774 31.278 40.159 24.128 5.981 28.816 22.697 24.102 32.201 46.755 30.893 32.491 22.638 52.361 55.355 65.788 46.690 16.970 14.253 11.490 9.635 5.048 0.922 2.988 6.437 3.166 0.000 0.000 1.506 2.155 2.481 0.958
7.270 5.528 0.000 2.298 2.369 5.407 15.800 23.504 26.895 0.360 8.668 21.432 24.723 28.624 21.698 72.683 74.907 46.489 25.274 21.322 0.000 0.000 0.000 22.451 28.518 3.918 10.600 5.871 0.000 2.669 9.809 30.641 57.108 66.653 35.643 26.871 24.702 65.328 69.936 61.407 47.171 16.020 15.472 13.586 7.776 4.395 0.000 1.814 5.899 1.300 0.000 0.000 0.000 0.713 2.769 0.643
4.965 5.669 3.304 6.070 5.363 7.667 9.176 21.271 53.511 52.036 38.811 22.284 20.761 34.681 22.565 47.719 49.382 53.301 27.922 14.536 0.000 0.000 0.000 6.116 7.658 1.004 0.000 0.000 0.000 0.000 7.927 27.749 42.114 66.289 39.615 22.231 27.791 55.014 54.151 22.752 34.907 14.711 11.604 13.264 7.872 2.128 0.240 4.049 4.911 1.807 0.000 0.000 0.000 0.000 0.678 0.092
5.638 4.021 5.146 6.546 13.428 23.398 25.817 25.186 109.279 93.259 31.993 22.490 17.951 35.259 26.942 58.895 58.275 70.262 78.753 71.442 38.098 1.172 0.000 20.079 6.862 18.558 0.000 0.000 0.080 5.517 20.069 45.690 56.405 59.598 42.691 24.473 17.949 21.796 31.835 26.105 30.352 15.108 4.862 14.513 6.635 1.644 3.560 7.188 4.595 0.649 0.000 0.000 0.000 0.000 1.968 2.288
6.785 4.833 5.547 10.558 18.751 28.376 27.140 68.557 76.022 52.769 31.969 29.710 30.408 18.174 15.832 59.375 47.174 48.683 75.456 75.252 48.623 5.615 9.867 2.149 0.000 34.660 17.015 6.593 11.397 11.797 25.488 63.941 66.663 57.653 44.075 67.293 36.985 29.350 32.093 20.384 35.752 40.045 5.566 21.426 17.644 0.000 2.811 6.787 4.396 0.000 0.000 0.365 0.000 0.000 0.887 0.000
6.839 6.000 7.321 13.019 39.872 40.476 48.685 61.746 106.603 98.193 25.996 20.948 8.296 28.922 34.007 43.426 41.843 35.184 56.470 58.965 57.595 38.509 35.862 15.071 0.000 0.000 0.180 34.692 41.485 39.591 18.965 54.053 57.008 56.991 32.550 69.048 40.255 41.597 37.840 2.479 56.964 61.754 8.804 20.350 15.707 0.000 2.391 5.789 4.944 0.000 0.000 0.000 1.258 2.421 1.494 0.163
7.018 9.896 13.959 45.715 46.569 39.238 43.292 49.330 101.606 99.714 28.772 22.043 44.032 50.076 21.553 19.887 28.338 24.442 48.370 54.000 57.683 42.728 37.766 28.804 7.182 0.000 0.907 32.963 46.866 47.651 29.697 40.090 36.036 53.250 32.675 42.691 48.608 40.799 33.912 59.542 69.304 58.801 10.114 4.408 1.273 3.271 5.316 7.446 2.952 0.000 0.207 0.000 1.648 2.707 4.255 1.604
8.672 11.485 16.611 24.184 10.006 14.258 24.807 56.190 84.870 37.342 26.584 20.646 43.916 51.304 19.431 19.819 8.298 4.398 45.650 52.795 42.298 37.459 35.896 21.053 3.595 10.836 17.303 33.674 58.979 48.015 40.392 43.147 38.472 42.864 58.306 49.759 45.517 39.425 8.021 65.497 70.516 24.539 16.497 10.786 6.147 3.692 2.934 5.514 1.108 0.000 0.203 0.000 2.249 2.999 4.197 1.298
9.081 17.285 51.349 49.806 34.999 54.807 110.266 64.717 42.971 57.672 17.417 32.627 31.310 34.529 31.795 22.873 9.369 6.518 16.698 15.398 51.428 49.891 15.064 9.183 0.188 20.691 29.512 58.446 34.214 20.690 35.075 37.214 9.532 28.041 77.649 74.783 37.130 18.333 25.699 57.781 56.639 53.883 17.644 12.655 6.892 12.499 8.594 2.937 1.671 0.000 0.252 2.261 0.890 2.790 4.947 3.215
12.626 31.342 48.912 43.353 29.216 44.885 96.192 49.605 31.529 44.380 30.317 33.571 35.939 29.169 67.716 50.180 54.797 52.689 87.180 53.739 52.305 56.439 45.361 15.909 9.171 38.943 106.116 110.297 30.144 49.456 53.813 26.684 13.002 18.925 68.681 71.980 29.352 36.504 57.553 74.563 71.070 64.369 21.408 15.826 22.764 24.319 12.272 1.094 4.712 0.000 2.033 2.732 1.654 2.202 4.453 3.259
15.538 29.485 45.040 45.875 45.468 20.761 46.354 46.874 28.953 25.274 11.658 6.705 16.783 21.815 52.599 74.906 59.823 36.041 74.516 42.372 60.219 63.630 54.516 52.495 57.329 14.595 29.932 38.721 75.443 64.519 42.898 85.612 43.216 38.174 39.375 32.524 27.979 42.245 63.668 56.842 50.715 40.353 46.031 35.415 23.807 30.588 26.487 3.771 2.113 2.084 0.607 1.325 1.816 2.208 2.414 1.087
12.689 55.708 50.864 47.952 47.858 25.738 68.521 69.446 47.053 13.680 12.440 1.856 10.858 11.143 8.488 74.108 69.161 48.292 29.889 45.979 35.042 58.137 50.642 71.419 59.110 32.552 34.795 103.479 92.645 28.324 58.847 89.392 51.808 30.723 14.155 28.502 22.370 78.755 81.752 88.877 51.597 41.647 44.124 32.117 14.192 31.778 32.983 11.877 2.739 3.125 1.959 1.878 2.919 2.611 3.617 2.177
5.296 12.539 7.620 6.869 13.727 46.418 67.188 66.525 21.697 10.843 11.071 4.961 5.922 8.646 0.000 44.686 33.491 20.452 31.073 34.066 36.490 53.687 66.198 76.057 60.326 32.537 24.866 94.350 78.491 46.432 54.710 63.886 51.722 41.454 21.915 13.787 18.108 74.969 68.470 41.887 22.302 39.014 43.190 33.742 17.721 32.156 43.873 18.743 8.827 5.313 10.497 7.144 4.541 2.942 3.459 3.408
3.114 8.695 31.198 38.485 39.110 25.986 27.600 35.063 18.699 6.899 2.886 4.713 2.901 11.768 17.344 33.971 30.842 26.807 25.735 21.417 27.792 29.176 26.662 72.830 82.159 35.045 30.749 30.200 39.228 32.202 57.053 60.407 47.591 45.925 25.714 19.028 15.261 21.309 28.738 67.976 27.595 25.190 15.771 10.829 21.122 27.351 38.256 16.770 15.305 15.543 12.938 9.438 11.935 6.998 4.011 4.264
6.016 2.100 10.948 30.519 23.857 22.961 21.237 26.143 9.177 14.573 8.567 9.676 5.739 28.826 30.587 20.261 0.000 9.240 35.395 20.535 52.702 111.076 113.784 61.729 80.920 52.645 107.738 83.647 29.432 30.740 47.557 54.773 64.046 19.220 18.769 18.009 12.966 16.349 42.351 47.437 42.121 36.114 8.733 7.331 10.666 26.658 37.856 15.937 24.750 80.775 73.229 19.707 8.585 9.767 11.651 7.081
5.719 3.744 1.073 0.000 0.690 15.723 22.106 12.814 19.508 16.451 19.124 6.345 6.255 22.410 35.031 32.455 21.569 3.026 14.244 31.532 27.501 20.889 171.670 178.754 190.173 63.572 11.736 37.172 88.930 28.699 34.224 57.946 69.504 11.974 3.677 11.027 13.729 59.134 61.167 34.959 39.555 34.314 8.742 6.463 16.397 19.181 18.215 9.659 18.709 73.750 72.560 13.297 1.018 4.214 12.762 9.008
2.682 2.358 1.945 1.025 3.415 2.884 6.248 10.613 8.614 11.870 16.656 4.354 4.589 19.912 32.601 37.587 19.961 38.709 30.003 10.573 40.431 66.518 109.516 0.000 59.703 66.057 64.112 106.521 102.112 34.872 27.126 70.745 39.124 12.688 10.662 16.347 18.263 31.422 23.714 30.194 29.521 30.381 26.604 18.452 17.260 22.940 29.143 29.970 27.750 25.087 66.706 15.465 0.743 0.000 7.652 7.651
3.351 2.040 1.762 0.799 2.048 5.338 8.410 8.314 8.935 3.710 1.929 1.070 0.252 9.463 22.193 44.516 31.385 54.997 36.099 38.457 39.173 61.348 48.879 113.720 116.587 28.645 54.438 105.344 109.536 40.563 36.117 45.757 47.330 1.709 7.949 14.067 22.859 18.848 25.681 18.861 15.866 12.670 10.131 9.122 10.714 28.530 39.758 35.557 20.812 18.709 40.201 7.804 53.564 27.263 16.496 0.381
4.957 4.839 1.899 2.697 1.185 0.642 2.417 2.052 5.419 3.195 2.042 0.926 0.851 5.107 24.200 29.164 50.800 61.834 43.404 20.789 14.184 45.135 1.232 54.076 63.843 17.326 41.655 35.902 6.616 38.547 45.464 43.926 27.337 14.225 12.026 15.309 8.447 9.072 17.941 10.547 0.000 6.498 15.067 10.934 16.823 27.402 40.316 22.524 7.485 19.629 86.580 74.065 43.314 17.843 14.553 0.000
5.148 5.329 2.586 2.537 1.981 4.355 5.048 2.202 4.082 5.670 5.711 4.250 0.000 3.306 23.482 19.567 22.034 34.655 23.510 24.659 45.210 46.492 45.427 60.945 24.515 23.208 31.314 89.691 84.599 26.245 41.062 42.083 9.143 15.331 18.680 18.123 5.349 0.000 0.000 0.000 1.859 12.229 15.349 9.215 9.560 19.493 32.773 21.728 7.160 15.806 89.044 83.342 43.115 49.873 50.826 0.000
5.376 3.796 5.105 2.755 2.361 4.436 6.027 7.880 9.359 7.255 6.165 3.497 0.472 0.532 14.479 9.059 27.843 40.703 38.192 63.713 55.619 45.849 34.357 47.729 31.685 16.893 56.426 98.257 87.328 10.827 29.635 22.992 12.935 12.910 12.375 13.695 4.656 2.174 4.151 5.482 7.977 8.845 11.221 10.816 10.134 8.465 12.809 20.230 14.812 9.748 26.002 38.518 35.481 50.490 47.812 0.000
5.993 4.999 2.560 4.975 4.297 3.327 3.995 3.924 6.467 5.386 4.982 4.068 5.103 0.000 1.182 16.162 11.026 26.734 15.598 47.148 44.738 38.730 29.208 108.430 116.538 6.841 18.255 31.063 31.652 19.759 29.017 18.794 11.668 8.479 9.233 7.019 0.000 0.000 0.579 4.345 3.959 2.892 9.568 8.311 15.992 29.464 38.415 25.899 63.879 66.832 11.509 33.317 36.096 42.877 34.913 11.005
3.536 2.828 0.216 3.449 3.175 2.457 0.855 1.324 0.253 0.000 0.292 1.596 3.247 0.798 0.906 1.459 25.232 36.892 10.332 2.596 0.000 30.080 20.606 95.141 108.613 0.000 20.391 17.616 17.983 2.396 8.553 0.000 5.089 2.385 0.000 0.000 0.000 2.929 1.896 3.577 2.884 0.290 0.899 0.811 10.712 20.376 32.905 0.822 2.154 0.463 0.000 0.000 19.481 21.344 25.223 26.226
