1.567 4.323 6.352 1.735 2.888 0.000 0.326 0.326 0.000 0.000 1.679 0.000 0.000 0.000 0.000 0.000 0.000 0.000 0.000 0.000 0.000 0.000 0.000 0.000 0.000 0.000 0.000 0.533 0.000 0.000 0.000 0.000 0.000 0.000 0.000 0.000 0.000 0.000 0.000 0.000 0.000 0.000 0.000 0.000 0.000 0.000 0.000 0.000 0.000 0.000 0.000 0.000 0.000 0.000 0.000 0.000
6.317 18.793 19.459 5.690 4.631 3.406 4.246 3.472 4.311 4.588 8.249 5.612 10.717 10.717 7.852 8.295 7.879 6.387 8.913 8.913 6.270 8.241 8.241 7.463 8.671 8.083 8.083 7.997 9.124 7.855 7.855 6.520 6.243 5.774 6.362 7.200 5.718 6.420 6.420 6.084 6.084 8.325 8.325 5.777 6.437 6.437 5.824 7.968 7.838 9.455 9.455 7.117 7.538 6.139 8.256 7.187
6.317 13.134 22.337 15.647 2.828 3.807 3.807 3.577 4.311 7.793 8.249 8.886 10.717 10.717 9.310 9.502 9.502 7.548 8.913 11.218 11.218 9.069 7.879 7.463 8.671 8.083 8.083 7.293 9.124 9.096 7.855 9.557 9.557 6.718 6.377 6.495 7.918 7.235 9.751 9.751 8.991 8.991 7.725 7.725 5.103 7.250 7.119 7.838 7.838 7.599 9.865 9.865 7.538 10.199 10.199 8.670
9.607 7.958 7.787 7.787 3.938 3.807 3.807 2.364 4.389 4.629 4.629 4.860 5.547 7.620 9.310 6.708 8.567 8.567 8.219 6.663 6.671 7.430 9.903 7.476 7.350 6.928 6.928 7.293 9.096 9.096 7.244 6.228 9.106 9.106 6.377 6.659 7.918 8.202 8.202 7.931 7.931 7.200 6.973 6.961 7.584 8.428 7.119 7.358 6.729 7.501 7.501 7.591 7.399 8.996 8.670 8.670
6.322 7.194 10.086 10.086 8.560 3.634 3.897 4.330 4.330 5.384 6.213 6.715 7.219 9.732 8.931 9.745 8.213 7.669 7.989 6.663 8.369 8.369 9.903 7.476 7.468 6.620 6.119 6.411 7.694 6.383 6.889 7.414 6.079 5.972 7.883 7.497 6.573 8.202 8.202 5.751 6.629 7.200 7.905 7.905 7.473 7.135 6.750 6.750 5.703 6.515 9.608 9.608 8.466 8.923 7.783 6.773
6.322 7.194 32.773 32.773 8.560 3.991 6.639 4.330 4.330 5.304 6.213 6.213 6.858 9.732 8.477 8.477 8.213 9.022 8.135 8.135 7.913 7.913 5.833 7.551 7.551 7.493 7.493 8.445 7.694 7.256 6.795 5.858 6.107 7.568 7.791 8.176 8.176 7.005 7.322 7.976 8.380 8.380 7.905 7.905 6.462 6.864 6.864 8.275 8.275 8.726 8.726 6.719 8.466 9.519 9.519 8.111
92.187 92.187 116.688 116.688 7.169 4.012 6.639 3.690 2.496 5.040 6.775 6.775 7.657 7.657 7.627 8.375 10.373 9.022 8.135 8.135 6.960 7.323 6.521 6.157 6.713 8.381 8.381 8.445 6.821 7.256 7.700 8.395 6.824 7.568 7.671 7.772 7.772 7.005 7.322 7.976 8.380 8.380 7.174 7.174 6.847 6.789 7.183 8.275 8.275 7.196 6.441 7.930 8.431 9.519 9.519 7.317
10.582 7.011 6.688 7.276 7.276 4.012 2.207 2.046 4.341 5.040 6.775 6.775 7.059 7.244 7.658 8.375 10.373 7.832 8.363 7.814 8.059 7.907 7.907 7.075 7.075 8.381 8.381 7.749 7.749 6.932 7.700 8.486 6.824 5.346 7.671 6.874 6.874 6.634 7.201 8.920 8.920 7.875 5.857 5.948 7.830 8.468 6.586 9.026 9.026 7.363 7.363 7.680 8.431 8.385 8.385 9.832
5.976 7.011 8.047 7.184 7.257 1.990 2.923 2.923 2.046 4.546 4.546 5.660 7.059 7.059 7.658 7.469 9.501 9.501 8.363 7.325 8.059 42.964 42.964 13.646 7.639 8.621 5.862 5.519 5.317 6.932 8.059 7.192 5.560 7.107 7.107 6.389 7.576 7.576 9.152 8.920 8.920 6.539 5.857 5.857 7.830 8.704 9.669 9.669 8.420 10.051 9.671 9.195 6.923 8.385 8.385 6.967
4.994 7.949 8.338 8.074 5.160 4.482 3.601 3.601 2.768 4.546 4.546 5.059 7.311 7.859 7.859 10.721 10.721 7.036 9.876 13.355 13.969 42.964 42.964 13.646 10.828 11.040 13.564 19.939 19.939 11.950 11.492 7.192 5.560 5.970 5.761 5.304 7.576 7.576 9.076 9.076 5.572 6.693 7.552 9.893 9.893 8.704 9.669 9.669 7.603 10.051 9.671 10.334 10.334 10.119 10.119 7.615
4.994 7.949 7.949 6.841 7.829 4.482 3.601 3.601 2.446 5.661 5.661 4.705 7.975 7.975 7.859 10.721 10.721 10.858 15.059 12.463 13.969 13.969 11.502 11.502 9.752 11.040 9.718 6.278 6.550 11.950 9.944 6.687 7.458 7.458 5.921 7.516 7.516 6.534 9.076 9.076 6.172 7.256 7.256 7.505 7.247 7.247 7.288 7.288 8.083 7.772 7.772 10.334 10.334 10.119 10.119 8.648
4.197 4.836 7.969 7.969 5.938 4.505 3.838 3.190 2.178 3.667 4.624 5.616 7.975 7.975 9.270 10.133 12.957 12.957 10.015 11.960 11.118 11.272 11.502 11.502 11.866 11.866 10.081 8.651 9.654 9.654 7.764 5.558 5.558 11.022 11.022 10.036 5.376 5.017 7.586 6.472 6.472 7.296 7.296 6.975 6.033 6.230 7.721 8.276 10.623 10.623 6.230 5.857 6.587 8.723 7.351 6.312
10.167 11.761 7.734 5.599 5.599 4.505 3.016 3.190 2.588 3.121 5.278 5.485 6.105 8.641 9.270 11.754 11.754 11.256 11.256 11.867 11.062 11.631 11.631 12.325 11.866 11.866 10.081 9.021 9.654 9.654 7.764 5.964 5.461 5.289 10.117 6.421 5.827 6.198 7.586 7.375 7.375 7.296 7.296 6.975 6.204 7.508 7.607 8.276 10.623 10.623 7.573 10.308 7.065 9.282 8.703 8.894
10.167 11.761 7.257 37.719 37.719 5.697 3.190 3.120 3.273 4.558 7.876 16.880 16.880 5.599 9.134 11.754 11.754 10.610 11.030 11.074 11.458 11.631 11.631 12.325 13.399 10.141 9.922 9.021 8.356 8.913 9.275 7.821 6.912 5.866 5.624 6.349 6.559 6.559 6.248 5.740 5.865 6.756 5.718 6.559 7.336 7.508 7.607 8.074 8.074 7.573 7.850 7.850 7.065 9.282 6.797 8.894
2.171 3.590 5.852 23.892 23.892 7.207 3.200 31.365 23.093 18.329 30.600 50.341 40.857 40.857 22.694 18.830 11.305 11.691 11.691 11.457 11.457 11.263 11.150 11.150 13.399 11.528 14.142 12.199 11.003 8.886 7.134 7.821 6.912 5.866 4.669 6.349 6.559 6.880 6.660 6.806 6.887 6.887 8.359 7.745 6.160 7.825 8.936 7.270 7.218 8.130 8.130 7.850 5.686 6.363 6.363 6.285
4.444 4.446 12.337 15.525 43.706 24.853 5.466 31.365 67.066 55.416 40.624 50.341 40.857 72.039 72.039 19.084 10.827 10.827 10.936 15.033 23.978 21.131 15.545 15.202 15.046 14.377 14.142 14.586 10.956 8.886 7.379 7.402 7.402 5.395 5.395 5.190 6.387 6.138 6.660 6.806 6.820 6.023 8.359 7.745 5.999 5.406 6.418 7.997 7.997 6.566 6.454 6.454 6.663 6.363 7.349 7.349
5.881 4.444 3.794 6.397 23.960 8.278 5.466 3.595 67.066 47.920 40.624 19.563 41.159 41.159 32.994 11.389 11.389 10.367 31.783 91.277 91.277 46.531 60.765 60.765 35.862 35.108 34.218 39.027 59.276 28.053 28.053 7.623 7.402 4.710 3.971 12.978 34.826 10.495 5.914 5.914 8.749 8.749 6.469 6.469 8.696 9.624 9.624 8.881 7.754 7.022 8.982 7.390 7.390 5.793 7.394 7.383
9.648 14.146 14.146 6.593 6.593 10.341 2.542 2.296 8.132 88.703 88.703 60.577 36.055 45.840 45.840 17.636 16.949 15.284 31.783 91.277 91.277 120.032 160.249 160.249 134.147 106.674 75.645 39.027 59.276 20.263 7.623 7.623 4.887 5.282 5.706 15.666 23.889 23.889 7.181 5.564 6.590 5.974 6.775 7.499 7.499 9.121 9.121 7.754 7.754 6.175 8.982 6.623 6.539 5.793 7.394 5.380
9.648 14.146 14.146 5.649 5.214 5.578 2.327 4.417 2.870 7.255 60.577 76.766 76.766 45.840 45.840 26.699 16.949 15.284 35.299 35.299 50.728 36.612 14.824 11.889 10.933 15.938 31.772 26.533 20.263 20.263 30.134 30.134 19.860 26.091 20.758 34.650 26.081 26.081 7.181 6.681 6.153 8.142 6.775 7.364 7.364 8.459 8.334 7.419 7.564 7.756 7.756 7.125 6.270 7.772 7.228 6.298
5.638 7.309 7.082 6.723 38.685 38.685 3.028 4.417 5.848 7.255 7.255 9.415 35.347 123.083 123.083 80.282 107.405 160.298 160.298 89.793 121.990 78.591 50.295 37.466 88.801 41.575 55.325 83.677 125.614 96.419 64.827 64.404 22.022 26.091 38.970 14.307 28.678 28.678 25.704 11.160 6.666 8.142 7.737 7.364 8.409 8.459 6.862 6.624 7.415 7.756 7.756 9.358 8.219 7.772 7.228 6.638
5.638 6.117 7.066 7.066 6.409 6.409 3.507 6.826 6.847 4.145 5.783 9.415 21.743 19.268 38.128 80.282 107.405 160.298 160.298 96.622 96.622 65.807 86.663 75.576 42.078 36.399 73.804 110.211 119.231 90.494 64.827 64.404 40.345 51.954 51.954 36.355 11.303 11.303 25.704 38.245 9.368 6.806 6.806 6.730 8.178 6.873 8.310 6.740 8.395 8.395 7.702 9.358 5.920 7.876 7.195 6.638
9.632 12.482 25.560 27.202 18.523 11.673 2.217 6.826 6.847 3.170 5.783 7.022 11.705 22.654 24.646 50.022 50.022 27.670 16.262 23.112 29.918 66.371 28.895 14.298 17.266 8.648 10.920 27.203 38.735 22.128 19.256 4.611 40.345 51.954 51.954 36.355 12.740 14.584 14.584 38.245 26.421 26.685 26.685 6.730 8.178 9.051 7.380 8.370 8.395 8.615 7.578 7.000 7.000 4.973 5.810 5.810
9.632 2.437 0.304 18.964 18.964 4.895 2.383 4.502 3.117 3.170 5.977 7.022 21.775 21.775 24.646 24.646 9.625 13.240 13.240 9.699 15.694 66.371 18.046 14.939 8.479 4.842 4.842 27.203 27.203 19.256 19.256 8.847 8.847 9.563 13.477 13.477 13.908 21.806 33.824 24.013 22.088 26.685 26.685 22.999 31.614 11.926 11.926 8.370 7.337 8.615 7.578 5.958 6.606 7.629 5.810 5.810
4.905 7.735 7.735 25.574 25.574 7.181 3.634 4.502 3.117 3.110 45.919 45.919 21.775 28.544 82.636 82.636 11.768 11.768 9.699 10.047 9.527 6.971 7.092 10.199 14.582 14.503 9.696 9.584 9.584 4.381 4.381 6.087 6.244 11.790 13.477 13.477 22.882 21.806 21.806 22.088 22.088 12.086 12.086 12.707 31.614 28.999 30.280 30.280 10.617 7.969 6.568 6.090 5.551 7.419 5.771 5.771
3.737 7.735 11.359 19.308 26.217 23.281 12.946 7.219 19.687 39.368 45.919 45.919 66.159 46.932 82.636 82.636 76.521 17.656 17.463 10.047 6.601 8.196 8.196 9.966 37.923 37.923 11.527 9.584 9.584 6.856 6.549 4.080 6.820 12.011 12.837 41.750 41.750 9.625 5.575 8.266 3.125 2.684 2.443 3.954 2.808 2.808 30.280 30.280 29.156 25.860 7.928 6.090 5.551 6.690 6.690 5.771
2.909 3.483 6.713 19.308 26.217 23.281 12.946 6.459 21.100 21.100 97.868 97.868 37.374 26.536 53.727 76.521 76.521 18.748 21.757 10.918 13.636 11.471 16.152 16.152 22.551 15.018 12.414 8.686 11.390 14.246 13.130 41.575 18.728 11.343 28.109 38.107 24.351 9.625 2.216 3.316 5.013 5.013 2.006 2.340 3.424 3.098 5.133 6.701 10.858 25.860 13.811 7.657 5.012 3.958 4.937 4.400
4.019 4.244 2.739 4.623 3.366 2.178 10.462 10.462 21.100 21.100 97.868 97.868 32.628 52.108 76.678 76.678 41.793 103.651 48.854 51.921 79.673 77.733 17.386 17.386 57.304 83.616 83.616 53.036 21.882 42.915 59.235 76.499 73.229 51.076 25.164 38.107 24.351 3.191 3.174 3.120 5.013 5.013 4.338 7.716 3.577 7.449 6.856 6.701 6.701 5.358 2.105 5.012 5.012 4.538 4.937 4.452
5.732 6.949 5.803 8.137 8.137 6.093 10.462 26.834 26.834 20.001 33.676 33.676 90.782 89.885 105.614 78.472 78.472 160.578 73.951 73.951 79.673 77.733 56.689 27.155 98.260 98.260 83.616 77.451 49.258 56.426 79.437 79.437 26.003 46.729 26.366 25.550 8.542 3.122 4.497 4.497 4.769 5.523 4.338 7.716 3.577 1.120 1.487 2.621 1.988 2.378 3.938 4.409 4.409 2.781 2.781 3.353
5.732 8.061 8.061 8.137 9.051 7.558 6.477 7.783 20.946 14.090 23.684 31.104 49.824 49.824 105.614 60.485 88.341 160.578 127.492 102.745 153.982 121.389 70.902 71.758 98.260 98.260 78.358 77.451 46.207 56.426 79.437 79.437 35.986 25.959 29.913 25.003 18.041 5.056 4.497 4.497 1.437 2.210 2.228 1.487 1.832 1.832 1.090 2.621 2.562 2.562 2.121 2.210 2.869 2.781 2.781 3.977
3.747 6.920 6.920 5.683 5.898 7.558 11.991 8.964 8.943 30.477 30.477 58.739 58.739 49.824 39.055 25.242 30.222 127.492 127.492 123.399 137.958 99.625 80.705 71.758 28.421 71.760 71.760 63.363 46.207 51.145 72.682 9.963 20.280 10.490 40.360 58.425 18.041 8.568 8.568 4.133 23.831 19.108 24.041 9.523 1.832 1.892 2.206 2.206 2.971 1.887 2.185 3.037 2.869 2.165 2.720 3.636
3.682 6.920 6.920 5.683 5.683 6.177 11.991 8.964 6.843 30.477 30.477 135.108 95.983 95.983 76.773 29.440 25.242 28.532 48.102 19.939 11.432 13.137 13.137 12.140 28.421 28.421 42.946 63.363 44.433 7.403 40.164 19.537 20.280 18.078 19.329 23.035 32.809 52.684 29.118 20.439 29.062 20.032 20.032 6.408 1.630 1.892 2.206 3.298 3.298 1.887 2.185 2.185 3.438 2.650 3.772 3.772
5.255 5.399 4.349 4.048 5.172 5.172 6.542 5.772 28.466 51.412 91.111 135.108 112.852 112.852 75.341 29.440 14.531 52.069 103.756 66.503 74.792 74.792 63.972 63.972 48.320 21.385 65.916 65.916 40.499 43.614 46.974 36.070 23.718 16.376 8.103 24.024 32.809 40.478 2.382 20.439 29.062 7.056 6.408 6.408 2.814 3.132 3.132 1.044 2.185 4.148 3.194 2.479 3.438 2.650 2.709 4.587
5.255 5.255 3.014 4.180 4.698 4.698 5.538 9.922 46.045 51.412 59.315 59.315 95.525 78.429 78.429 14.261 30.518 30.518 103.756 140.200 140.200 79.270 88.461 98.319 48.320 61.056 65.916 65.916 74.919 46.722 46.974 28.232 16.376 16.376 14.621 24.024 23.692 41.274 11.891 34.839 11.200 12.480 13.012 2.266 2.814 3.132 4.057 4.780 4.780 4.148 3.194 2.479 2.364 2.183 3.109 3.764
4.153 5.316 5.316 4.180 4.698 4.698 11.375 16.624 46.045 46.045 57.385 57.385 59.093 29.969 29.969 20.323 40.827 40.827 20.670 14.230 6.559 79.270 88.461 98.319 42.898 61.056 61.056 34.344 13.297 39.795 24.596 15.457 15.457 30.589 27.294 30.441 14.421 43.748 39.200 44.936 39.679 12.480 13.012 4.788 1.464 3.127 4.947 4.947 3.390 2.711 2.666 2.492 3.813 3.867 3.171 2.287
4.156 5.077 2.012 3.121 3.110 5.618 11.375 11.375 18.503 1.174 9.110 13.620 18.481 22.642 20.255 67.012 67.012 40.827 20.278 19.174 5.879 11.754 15.248 35.645 35.645 21.808 27.013 16.696 9.995 6.598 5.540 15.457 39.117 54.824 31.663 27.170 20.204 57.307 57.307 44.936 39.679 10.766 10.766 5.115 2.454 3.474 3.214 2.667 2.574 2.711 4.266 4.334 3.863 3.813 4.141 2.468
2.240 5.077 4.336 4.336 3.144 3.446 2.615 16.698 50.820 54.167 34.574 19.760 17.332 32.092 19.809 35.117 35.117 39.943 19.174 19.174 4.943 6.223 8.258 28.698 28.698 18.331 13.315 13.315 9.995 5.127 5.127 13.311 24.433 54.824 31.663 20.204 23.890 42.698 42.698 14.015 28.611 10.081 5.524 7.182 7.182 3.768 4.139 3.514 3.288 5.835 5.566 4.497 4.245 2.727 2.553 2.468
3.013 3.101 4.336 4.336 7.884 12.145 17.402 16.698 103.942 90.945 28.253 23.474 16.648 32.092 21.747 41.523 37.727 51.937 58.587 61.149 40.090 8.980 6.994 28.698 28.698 49.881 26.399 11.866 9.366 9.366 10.376 21.467 35.086 47.124 29.535 14.402 11.027 11.027 25.870 25.870 28.611 12.320 2.017 9.760 7.182 5.706 5.706 4.362 3.908 5.835 5.566 6.480 4.245 3.787 4.174 5.156
4.540 3.681 4.268 5.119 8.883 12.145 17.402 50.833 56.907 42.885 27.493 27.585 27.585 13.309 8.010 41.523 32.217 33.811 58.587 61.149 40.090 10.986 10.986 4.852 5.869 49.881 26.399 5.990 9.366 9.366 12.298 34.658 42.215 42.215 29.535 47.360 20.537 17.716 26.240 22.128 34.240 34.240 4.704 17.995 17.995 4.049 3.732 3.023 4.310 4.310 6.603 6.603 3.928 3.793 3.260 3.580
4.540 2.368 4.279 5.119 25.718 25.718 35.274 39.055 76.571 76.571 15.304 15.304 7.432 22.632 22.632 26.741 26.741 23.956 46.911 46.911 39.535 32.291 32.291 16.057 5.209 4.912 4.912 29.259 29.259 24.599 7.193 34.658 42.215 42.215 16.599 47.360 20.537 32.245 32.245 4.518 53.519 53.519 4.704 17.995 17.995 5.644 3.732 3.016 5.612 5.612 4.070 4.070 5.895 5.895 3.546 3.727
3.445 4.355 4.355 33.409 33.409 30.403 30.403 29.327 76.571 76.571 15.304 16.174 43.622 43.622 11.503 11.202 23.956 23.956 43.022 43.022 39.535 32.083 29.677 27.192 11.016 4.665 4.524 29.259 34.811 34.811 23.965 28.951 21.317 34.190 16.599 24.544 28.544 30.202 30.202 61.666 68.015 53.519 3.883 5.097 5.644 10.771 6.157 4.997 5.698 5.698 5.823 4.070 5.793 5.793 5.805 4.577
3.445 4.355 4.355 10.008 0.000 5.071 11.813 38.048 64.945 15.998 15.998 16.174 43.622 43.622 7.842 14.394 13.830 9.871 43.022 43.022 28.229 29.677 29.677 27.192 16.188 14.771 17.908 19.264 34.811 34.811 33.658 33.658 21.317 27.103 45.019 36.910 28.544 28.544 6.258 61.666 68.015 22.632 7.165 7.926 6.936 5.378 4.408 4.408 5.698 5.698 5.194 4.220 5.793 5.793 5.314 3.753
3.021 5.613 34.689 38.649 32.056 52.745 103.808 55.344 33.945 43.354 10.212 29.139 29.139 19.625 13.724 11.323 11.323 10.365 10.365 9.217 37.081 44.414 19.972 26.418 11.324 19.260 19.260 43.569 23.114 18.628 33.658 33.658 7.912 27.103 65.012 65.012 22.027 5.351 18.517 47.305 50.755 50.755 8.091 8.091 6.261 13.163 13.163 5.120 5.120 4.330 4.731 6.351 4.084 5.314 5.314 5.318
2.336 17.307 34.689 38.649 32.056 52.745 103.808 55.344 32.750 32.750 22.449 29.139 29.139 10.159 49.639 49.639 72.554 72.554 89.359 50.115 40.807 50.788 50.788 26.418 13.467 41.867 98.673 98.673 25.412 50.432 50.432 14.370 7.912 14.965 65.012 65.012 16.747 20.115 39.703 58.557 58.557 50.755 8.091 8.091 18.492 18.492 13.163 6.595 5.120 2.681 5.892 6.351 4.416 4.416 4.770 5.318
2.891 12.791 35.129 43.963 43.963 23.792 53.242 53.242 30.671 16.779 6.199 6.464 10.866 10.866 49.639 91.855 91.855 68.779 89.359 41.715 48.709 53.456 50.788 53.783 61.071 21.313 26.984 36.845 74.804 74.804 50.432 78.643 41.964 41.964 41.715 32.996 18.886 20.115 34.337 31.378 31.378 17.298 30.666 30.666 18.492 20.752 20.752 7.218 1.723 3.004 4.242 4.366 4.416 4.546 2.987 2.947
3.515 42.687 42.687 47.049 43.963 23.792 69.397 69.397 45.265 8.834 8.834 5.140 10.866 10.866 20.656 91.855 91.855 68.779 41.715 41.715 22.672 43.522 43.522 53.783 44.032 25.663 27.457 105.226 92.678 34.028 55.780 78.643 51.591 41.964 22.508 36.314 18.886 56.942 56.942 68.290 38.804 26.842 40.291 32.626 11.345 20.752 20.752 9.269 3.856 3.004 4.242 4.366 4.647 4.647 4.636 3.582
3.515 10.138 2.400 2.400 8.597 46.383 71.131 69.397 22.120 8.834 8.834 4.822 6.507 6.666 8.047 62.467 62.467 44.016 44.016 33.418 27.518 43.522 65.629 60.355 43.652 18.538 18.151 105.226 92.678 53.917 53.917 46.461 46.461 44.901 25.012 12.754 8.144 56.942 56.942 29.179 9.219 26.842 40.291 32.626 12.707 19.079 29.475 11.185 8.257 3.380 11.219 9.069 4.647 4.647 5.279 5.427
3.434 10.138 32.182 35.332 35.332 26.210 29.795 37.442 22.120 8.374 3.259 2.793 2.793 6.345 18.864 54.603 56.944 51.923 47.187 32.939 40.004 36.521 38.204 72.491 72.491 20.412 21.321 45.305 67.821 53.917 72.201 57.508 44.901 44.901 25.012 19.746 10.387 10.802 18.507 52.644 10.639 13.934 13.934 8.394 12.707 15.582 27.918 6.532 8.257 9.841 11.219 9.438 9.438 6.872 4.546 5.427
3.173 2.883 15.836 33.463 24.695 24.695 24.793 26.500 8.718 12.086 8.532 8.532 3.213 17.160 18.864 22.321 4.033 20.219 47.187 33.716 71.016 130.371 130.371 72.491 72.491 41.785 107.421 107.421 59.239 59.239 72.201 75.728 75.728 21.000 21.000 21.989 10.387 7.077 28.163 28.163 22.441 25.174 8.394 8.394 4.344 15.620 27.918 6.532 16.073 75.559 75.559 28.009 9.438 8.249 12.947 9.841
2.470 2.563 2.962 2.477 3.827 18.426 21.320 4.548 12.375 13.160 21.475 8.532 5.314 12.718 20.436 21.240 21.240 19.865 31.844 45.092 45.092 49.184 197.839 203.411 199.421 64.028 22.378 66.396 125.359 59.239 52.905 75.728 75.728 15.238 5.413 6.158 7.077 52.485 52.485 18.555 22.441 25.174 7.747 6.239 11.602 12.320 14.359 5.339 16.854 75.559 75.559 28.009 10.615 8.249 12.947 11.235
1.401 2.563 3.199 1.234 3.315 4.697 4.697 4.548 5.756 13.071 21.475 7.186 5.314 12.718 19.719 23.398 26.141 59.878 46.235 16.937 45.822 81.775 126.015 0.000 64.028 64.028 75.261 132.058 132.058 61.030 51.368 88.832 42.763 13.388 3.981 6.158 10.363 24.962 18.555 23.693 23.693 27.063 27.063 16.574 14.114 17.782 24.581 24.042 28.637 28.637 69.523 24.651 10.923 3.598 11.235 11.235
1.736 2.118 3.199 2.403 3.315 4.697 4.697 3.475 5.756 5.381 5.381 4.144 2.938 6.205 9.464 32.907 32.907 76.169 52.664 54.111 54.111 76.636 65.893 122.100 115.372 27.222 75.261 132.058 132.058 59.687 50.658 50.658 42.763 2.361 4.068 4.668 14.434 14.351 23.411 18.481 16.964 12.432 10.611 7.453 5.564 18.438 29.153 29.153 19.994 23.014 50.895 24.651 67.231 38.365 22.056 4.583
2.916 4.212 2.928 3.906 2.738 1.811 1.832 1.832 5.189 5.381 5.381 4.100 2.870 2.870 11.049 17.420 48.810 76.169 64.878 40.679 40.679 67.719 29.038 67.885 62.564 18.206 61.841 61.841 26.938 52.665 52.665 44.236 20.156 7.817 4.068 6.830 4.979 8.970 18.981 17.278 8.116 15.441 18.238 8.128 9.607 20.331 35.860 23.298 9.382 21.585 91.563 91.579 70.037 40.786 33.516 6.182
2.625 4.212 2.928 3.182 3.182 5.214 5.214 2.202 2.340 5.832 8.153 8.153 2.870 2.870 15.088 14.775 30.795 46.084 37.896 34.877 65.358 65.358 68.922 68.922 22.673 22.673 46.921 117.259 117.259 52.665 52.665 44.236 5.447 6.059 9.389 9.024 4.979 5.417 4.810 5.673 7.002 15.441 15.441 8.028 8.028 20.331 35.860 23.298 11.537 21.585 91.563 91.579 53.489 57.975 57.975 6.182
2.967 2.460 5.084 3.182 3.182 5.214 5.818 5.818 5.225 5.606 8.153 8.153 3.471 3.471 15.088 8.389 31.302 44.905 44.905 61.417 64.488 64.488 62.090 62.090 34.458 9.306 55.581 117.259 117.259 35.073 35.073 18.944 6.611 6.059 6.059 9.024 5.143 4.869 4.810 4.301 5.403 6.406 7.905 8.967 8.028 8.051 15.505 19.754 19.754 14.501 26.109 43.615 43.615 62.343 57.975 12.676
3.788 3.788 2.045 4.676 4.676 3.768 3.768 2.428 5.225 5.225 6.059 7.695 5.206 2.728 4.891 17.379 7.217 20.998 20.998 61.417 61.417 60.545 60.545 127.752 127.752 8.452 16.928 39.463 51.898 33.294 31.399 16.931 6.298 4.901 6.070 8.874 2.930 3.717 3.717 5.050 5.050 3.481 9.512 11.748 22.868 37.647 50.758 37.272 77.486 72.968 14.501 35.171 35.171 41.227 41.227 32.790
3.788 3.788 0.694 4.676 4.676 3.987 2.262 2.727 4.821 4.821 6.059 7.695 7.523 5.019 5.019 6.868 30.975 44.085 20.998 23.531 23.531 63.250 60.545 127.752 127.752 5.536 27.503 27.503 32.630 14.173 14.173 0.000 6.129 8.482 6.070 4.591 6.269 6.269 4.686 5.050 5.050 1.835 2.594 6.351 22.868 37.647 50.758 14.324 17.903 5.604 3.476 13.876 33.143 33.143 32.790 32.790
